1
2
3
4
5
6
7
8
9
11
12
13
14
15
16
17
18
19
22
23
24
25
26
29
31
33
34
35
36
37
38
39
40
41
44
45
46
47
48
49
50
51
52
53
54
56
57
58
60
62
63
64
65
66
67
68
69
70
71
72
73
74
75
77
78
79
80
81
83
85
87
88
89
90
92
93
95
96
97
98
99
101
102
104
106
108
109
110
112
113
114
116
118
119
120
122
124
125
127
128
129
130
131
133
134
135
138
139
140
141
143
144
145
146
147
148
149
151
152
153
154
155
156
157
158
159
160
161
162
163
164
165
166
167
168
170
171
172
173
175
176
177
178
179
181
182
183
184
185
186
188
189
190
191
192
193
194
196
197
198
199
200
201
202
204
205
206
207
210
212
213
215
217
218
220
222
223
224
225
226
227
228
230
232
233
234
235
236
237
238
239
240
241
243
244
245
247
248
249
250
251
252
253
255
256
257
258
259
260
261
263
264
265
266
267
268
269
270
271
272
273
275
276
279
280
281
282
283
285
286
288
289
290
291
292
293
294
295
296
297
298
299
301
302
303
304
305
306
307
308
309
310
311
312
313
314
315
316
317
318
319
320
322
324
325
326
328
329
331
333
334
335
337
338
339
340
341
343
344
345
346
347
348
349
350
351
352
353
354
355
356
357
358
359
360
361
362
364
365
366
367
368
369
370
371
372
373
374
377
378
379
380
382
383
385
387
389
390
393
394
397
398
399
400
403
404
405
406
407
408
409
410
413
414
415
416
417
418
419
420
421
422
423
425
428
429
430
431
433
434
435
437
438
441
443
444
445
446
447